decay: 0.9878270200133465
epsilon_end: 0.09782404791560453
epsilon_start: 0.711872200097235
max_size: 5000
target_critic_update_interval: 50
